# trap ID	x	y
1	181579.0926	4391560.384
2	181582.0354	4391558.685
3	181584.9782	4391560.384
4	181582.0354	4391562.083
5	181587.9211	4391562.083
6	181590.8639	4391563.782
7	181555.5499	4391567.18
8	181582.0354	4391565.481
9	181584.9782	4391567.18
10	181587.9211	4391565.481
11	181590.8639	4391567.18
12	181593.8067	4391565.481
13	181596.7496	4391567.18
14	181599.6924	4391565.481
15	181602.6352	4391567.18
16	181608.5209	4391567.18
17	181532.0073	4391570.578
18	181549.6643	4391570.578
19	181552.6071	4391568.879
20	181555.5499	4391570.578
21	181561.4356	4391570.578
22	181584.9782	4391570.578
23	181587.9211	4391568.879
24	181590.8639	4391570.578
25	181593.8067	4391568.879
26	181596.7496	4391570.578
27	181599.6924	4391568.879
28	181602.6352	4391570.578
29	181608.5209	4391570.578
30	181611.4637	4391568.879
31	181614.4066	4391570.578
32	181626.1779	4391570.578
33	181523.1788	4391572.277
34	181526.1216	4391573.976
35	181532.0073	4391573.976
36	181534.9501	4391572.277
37	181537.893	4391573.976
38	181546.7214	4391572.277
39	181549.6643	4391573.976
40	181552.6071	4391572.277
41	181555.5499	4391573.976
42	181558.4928	4391572.277
43	181561.4356	4391573.976
44	181567.3213	4391573.976
45	181570.2641	4391572.277
46	181579.0926	4391573.976
47	181582.0354	4391572.277
48	181584.9782	4391573.976
49	181587.9211	4391572.277
50	181590.8639	4391573.976
51	181593.8067	4391572.277
52	181599.6924	4391572.277
53	181602.6352	4391573.976
54	181605.5781	4391572.277
55	181608.5209	4391573.976
56	181611.4637	4391572.277
57	181614.4066	4391573.976
58	181617.3494	4391572.277
59	181620.2922	4391573.976
60	181623.235	4391572.277
61	181626.1779	4391573.976
62	181632.0635	4391573.976
63	181635.0064	4391572.277
64	181637.9492	4391573.976
65	181643.8349	4391573.976
66	181646.7777	4391572.277
67	181523.1788	4391575.675
68	181526.1216	4391577.375
69	181529.0645	4391575.675
70	181532.0073	4391577.375
71	181534.9501	4391575.675
72	181537.893	4391577.375
73	181540.8358	4391575.675
74	181543.7786	4391577.375
75	181546.7214	4391575.675
76	181549.6643	4391577.375
77	181552.6071	4391575.675
78	181555.5499	4391577.375
79	181558.4928	4391575.675
80	181561.4356	4391577.375
81	181564.3784	4391575.675
82	181567.3213	4391577.375
83	181570.2641	4391575.675
84	181579.0926	4391577.375
85	181582.0354	4391575.675
86	181584.9782	4391577.375
87	181587.9211	4391575.675
88	181590.8639	4391577.375
89	181593.8067	4391575.675
90	181596.7496	4391577.375
91	181599.6924	4391575.675
92	181602.6352	4391577.375
93	181605.5781	4391575.675
94	181608.5209	4391577.375
95	181611.4637	4391575.675
96	181614.4066	4391577.375
97	181617.3494	4391575.675
98	181620.2922	4391577.375
99	181626.1779	4391577.375
100	181629.1207	4391575.675
101	181632.0635	4391577.375
102	181635.0064	4391575.675
103	181637.9492	4391577.375
104	181640.892	4391575.675
105	181643.8349	4391577.375
106	181646.7777	4391575.675
107	181649.7205	4391577.375
108	181532.0073	4391580.773
109	181534.9501	4391579.074
110	181540.8358	4391579.074
111	181543.7786	4391580.773
112	181546.7214	4391579.074
113	181549.6643	4391580.773
114	181552.6071	4391579.074
115	181555.5499	4391580.773
116	181558.4928	4391579.074
117	181564.3784	4391579.074
118	181567.3213	4391580.773
119	181570.2641	4391579.074
120	181573.2069	4391580.773
121	181576.1498	4391579.074
122	181579.0926	4391580.773
123	181582.0354	4391579.074
124	181584.9782	4391580.773
125	181587.9211	4391579.074
126	181593.8067	4391579.074
127	181596.7496	4391580.773
128	181599.6924	4391579.074
129	181602.6352	4391580.773
130	181605.5781	4391579.074
131	181608.5209	4391580.773
132	181611.4637	4391579.074
133	181614.4066	4391580.773
134	181617.3494	4391579.074
135	181620.2922	4391580.773
136	181623.235	4391579.074
137	181626.1779	4391580.773
138	181629.1207	4391579.074
139	181632.0635	4391580.773
140	181635.0064	4391579.074
141	181637.9492	4391580.773
142	181640.892	4391579.074
143	181643.8349	4391580.773
144	181646.7777	4391579.074
145	181649.7205	4391580.773
146	181652.6634	4391579.074
147	181655.6062	4391580.773
148	181661.4919	4391580.773
149	181540.8358	4391582.472
150	181546.7214	4391582.472
151	181558.4928	4391582.472
152	181561.4356	4391584.171
153	181564.3784	4391582.472
154	181567.3213	4391584.171
155	181570.2641	4391582.472
156	181573.2069	4391584.171
157	181576.1498	4391582.472
158	181579.0926	4391584.171
159	181582.0354	4391582.472
160	181590.8639	4391584.171
161	181593.8067	4391582.472
162	181596.7496	4391584.171
163	181599.6924	4391582.472
164	181602.6352	4391584.171
165	181605.5781	4391582.472
166	181608.5209	4391584.171
167	181611.4637	4391582.472
168	181614.4066	4391584.171
169	181617.3494	4391582.472
170	181620.2922	4391584.171
171	181623.235	4391582.472
172	181626.1779	4391584.171
173	181629.1207	4391582.472
174	181632.0635	4391584.171
175	181635.0064	4391582.472
176	181637.9492	4391584.171
177	181640.892	4391582.472
178	181643.8349	4391584.171
179	181646.7777	4391582.472
180	181649.7205	4391584.171
181	181652.6634	4391582.472
182	181655.6062	4391584.171
183	181658.549	4391582.472
184	181661.4919	4391584.171
185	181679.1488	4391584.171
186	181682.0917	4391582.472
187	181685.0345	4391584.171
188	181690.9202	4391584.171
189	181696.8058	4391584.171
190	181555.5499	4391587.569
191	181558.4928	4391585.87
192	181561.4356	4391587.569
193	181564.3784	4391585.87
194	181567.3213	4391587.569
195	181570.2641	4391585.87
196	181573.2069	4391587.569
197	181576.1498	4391585.87
198	181582.0354	4391585.87
199	181596.7496	4391587.569
200	181599.6924	4391585.87
201	181602.6352	4391587.569
202	181605.5781	4391585.87
203	181608.5209	4391587.569
204	181614.4066	4391587.569
205	181617.3494	4391585.87
206	181620.2922	4391587.569
207	181623.235	4391585.87
208	181626.1779	4391587.569
209	181629.1207	4391585.87
210	181632.0635	4391587.569
211	181635.0064	4391585.87
212	181637.9492	4391587.569
213	181640.892	4391585.87
214	181643.8349	4391587.569
215	181646.7777	4391585.87
216	181649.7205	4391587.569
217	181652.6634	4391585.87
218	181655.6062	4391587.569
219	181658.549	4391585.87
220	181661.4919	4391587.569
221	181664.4347	4391585.87
222	181667.3775	4391587.569
223	181673.2632	4391587.569
224	181679.1488	4391587.569
225	181685.0345	4391587.569
226	181687.9773	4391585.87
227	181690.9202	4391587.569
228	181693.863	4391585.87
229	181696.8058	4391587.569
230	181699.7487	4391585.87
231	181702.6915	4391587.569
232	181705.6343	4391585.87
233	181708.5771	4391587.569
234	181711.52	4391585.87
235	181555.5499	4391590.967
236	181558.4928	4391589.268
237	181561.4356	4391590.967
238	181564.3784	4391589.268
239	181567.3213	4391590.967
240	181570.2641	4391589.268
241	181573.2069	4391590.967
242	181576.1498	4391589.268
243	181579.0926	4391590.967
244	181596.7496	4391590.967
245	181599.6924	4391589.268
246	181602.6352	4391590.967
247	181605.5781	4391589.268
248	181608.5209	4391590.967
249	181611.4637	4391589.268
250	181614.4066	4391590.967
251	181617.3494	4391589.268
252	181620.2922	4391590.967
253	181623.235	4391589.268
254	181626.1779	4391590.967
255	181629.1207	4391589.268
256	181632.0635	4391590.967
257	181635.0064	4391589.268
258	181640.892	4391589.268
259	181643.8349	4391590.967
260	181646.7777	4391589.268
261	181652.6634	4391589.268
262	181655.6062	4391590.967
263	181658.549	4391589.268
264	181661.4919	4391590.967
265	181667.3775	4391590.967
266	181670.3203	4391589.268
267	181673.2632	4391590.967
268	181679.1488	4391590.967
269	181682.0917	4391589.268
270	181685.0345	4391590.967
271	181687.9773	4391589.268
272	181690.9202	4391590.967
273	181693.863	4391589.268
274	181696.8058	4391590.967
275	181699.7487	4391589.268
276	181702.6915	4391590.967
277	181705.6343	4391589.268
278	181708.5771	4391590.967
279	181711.52	4391589.268
280	181558.4928	4391592.666
281	181561.4356	4391594.365
282	181567.3213	4391594.365
283	181570.2641	4391592.666
284	181573.2069	4391594.365
285	181576.1498	4391592.666
286	181579.0926	4391594.365
287	181582.0354	4391592.666
288	181584.9782	4391594.365
289	181599.6924	4391592.666
290	181602.6352	4391594.365
291	181605.5781	4391592.666
292	181611.4637	4391592.666
293	181614.4066	4391594.365
294	181617.3494	4391592.666
295	181620.2922	4391594.365
296	181623.235	4391592.666
297	181626.1779	4391594.365
298	181629.1207	4391592.666
299	181632.0635	4391594.365
300	181646.7777	4391592.666
301	181652.6634	4391592.666
302	181655.6062	4391594.365
303	181658.549	4391592.666
304	181661.4919	4391594.365
305	181664.4347	4391592.666
306	181667.3775	4391594.365
307	181670.3203	4391592.666
308	181673.2632	4391594.365
309	181676.206	4391592.666
310	181679.1488	4391594.365
311	181682.0917	4391592.666
312	181685.0345	4391594.365
313	181687.9773	4391592.666
314	181690.9202	4391594.365
315	181693.863	4391592.666
316	181696.8058	4391594.365
317	181699.7487	4391592.666
318	181564.3784	4391596.064
319	181567.3213	4391597.763
320	181570.2641	4391596.064
321	181573.2069	4391597.763
322	181576.1498	4391596.064
323	181579.0926	4391597.763
324	181582.0354	4391596.064
325	181584.9782	4391597.763
326	181599.6924	4391596.064
327	181602.6352	4391597.763
328	181608.5209	4391597.763
329	181611.4637	4391596.064
330	181614.4066	4391597.763
331	181617.3494	4391596.064
332	181620.2922	4391597.763
333	181623.235	4391596.064
334	181626.1779	4391597.763
335	181629.1207	4391596.064
336	181632.0635	4391597.763
337	181658.549	4391596.064
338	181661.4919	4391597.763
339	181664.4347	4391596.064
340	181667.3775	4391597.763
341	181670.3203	4391596.064
342	181673.2632	4391597.763
343	181676.206	4391596.064
344	181679.1488	4391597.763
345	181682.0917	4391596.064
346	181687.9773	4391596.064
347	181564.3784	4391599.462
348	181567.3213	4391601.161
349	181570.2641	4391599.462
350	181573.2069	4391601.161
351	181576.1498	4391599.462
352	181579.0926	4391601.161
353	181582.0354	4391599.462
354	181584.9782	4391601.161
355	181593.8067	4391599.462
356	181596.7496	4391601.161
357	181599.6924	4391599.462
358	181602.6352	4391601.161
359	181605.5781	4391599.462
360	181608.5209	4391601.161
361	181611.4637	4391599.462
362	181614.4066	4391601.161
363	181617.3494	4391599.462
364	181620.2922	4391601.161
365	181623.235	4391599.462
366	181626.1779	4391601.161
367	181629.1207	4391599.462
368	181632.0635	4391601.161
369	181658.549	4391599.462
370	181661.4919	4391601.161
371	181664.4347	4391599.462
372	181676.206	4391599.462
373	181564.3784	4391602.86
374	181567.3213	4391604.559
375	181570.2641	4391602.86
376	181573.2069	4391604.559
377	181576.1498	4391602.86
378	181579.0926	4391604.559
379	181582.0354	4391602.86
380	181584.9782	4391604.559
381	181587.9211	4391602.86
382	181590.8639	4391604.559
383	181593.8067	4391602.86
384	181596.7496	4391604.559
385	181599.6924	4391602.86
386	181602.6352	4391604.559
387	181605.5781	4391602.86
388	181608.5209	4391604.559
389	181611.4637	4391602.86
390	181614.4066	4391604.559
391	181617.3494	4391602.86
392	181620.2922	4391604.559
393	181623.235	4391602.86
394	181626.1779	4391604.559
395	181629.1207	4391602.86
396	181632.0635	4391604.559
397	181635.0064	4391602.86
398	181637.9492	4391604.559
399	181564.3784	4391606.258
400	181567.3213	4391607.957
401	181570.2641	4391606.258
402	181573.2069	4391607.957
403	181576.1498	4391606.258
404	181579.0926	4391607.957
405	181582.0354	4391606.258
406	181584.9782	4391607.957
407	181587.9211	4391606.258
408	181590.8639	4391607.957
409	181593.8067	4391606.258
410	181599.6924	4391606.258
411	181602.6352	4391607.957
412	181605.5781	4391606.258
413	181608.5209	4391607.957
414	181611.4637	4391606.258
415	181614.4066	4391607.957
416	181617.3494	4391606.258
417	181620.2922	4391607.957
418	181623.235	4391606.258
419	181626.1779	4391607.957
420	181629.1207	4391606.258
421	181635.0064	4391606.258
422	181561.4356	4391611.355
423	181564.3784	4391609.656
424	181567.3213	4391611.355
425	181570.2641	4391609.656
426	181573.2069	4391611.355
427	181576.1498	4391609.656
428	181579.0926	4391611.355
429	181582.0354	4391609.656
430	181584.9782	4391611.355
431	181587.9211	4391609.656
432	181590.8639	4391611.355
433	181596.7496	4391611.355
434	181608.5209	4391611.355
435	181611.4637	4391609.656
436	181614.4066	4391611.355
437	181617.3494	4391609.656
438	181623.235	4391609.656
439	181561.4356	4391614.754
440	181564.3784	4391613.054
441	181567.3213	4391614.754
442	181570.2641	4391613.054
443	181573.2069	4391614.754
444	181582.0354	4391613.054
445	181587.9211	4391613.054
446	181590.8639	4391614.754
447	181593.8067	4391613.054
448	181596.7496	4391614.754
449	181599.6924	4391613.054
450	181564.3784	4391616.453
451	181567.3213	4391618.152
452	181570.2641	4391616.453
453	181573.2069	4391618.152
454	181579.0926	4391618.152
455	181582.0354	4391616.453
456	181584.9782	4391618.152
457	181593.8067	4391616.453
458	181564.3784	4391619.851
459	181567.3213	4391621.55
460	181570.2641	4391619.851
461	181573.2069	4391621.55
462	181576.1498	4391619.851
463	181579.0926	4391621.55
464	181582.0354	4391619.851
465	181564.3784	4391623.249
466	181567.3213	4391624.948
467	181570.2641	4391623.249
468	181576.1498	4391623.249
469	181564.3784	4391626.647
